a = 1.6329135221917355
b = -9.328646304661454
R2 = 0.9357851345169623
# Formula: log10(price) = a * ln(day) + b (day >= 90)
