R2 = 0.939144
Formula: log(price) = a * years + b
a = 0.07807732839407862
b = 4.991800888511216
