R2 = 0.261466
Formula: log10(vol) = a * log10(years) + b
a = -0.36442287700521414
b = 0.1028262655650134
