R2 = 0.556728
Formula: volatility = a / (1 + b * years) + c
a = 3092176.191098788
b = 2614704.8216407998
c = 0.4885237287493601
